2100|-1|-1|-1|-1|-1|-1|-1|-1
2200|-1|-1|-1|-1|-1|-1|-1|-1
2300|-1||-1||0|0|-1|0
10000|-1||-1||0|0|-1|0
10100|-1||-1||0|0|-1|0
10200|-1||-1||0|0|-1|0
10300|-1||-1||0|0|-1|0
10400|-1||-1||0|0|-1|0
10500|-1||-1||0|0|-1|0
10600|-1||-1||0|0|-1|0
10700|-1||-1||0|0|-1|0
10800|-1||-1||0|0|-1|0
10900|-1||-1||0|0|-1|0
11000|-1||-1||0|0|-1|0
11100|-1||-1||0|0|-1|0
11200|-1||-1||0|0|-1|0
11300|-1||-1||0|0|-1|0
11400|-1||-1||0|0|-1|0
11500|-1||-1||0|0|-1|0
11600|-1||-1||0|0|-1|0
11700|-1||-1||0|0|-1|0
11800|-1||-1||0|0|-1|0
11900|-1||-1||0|0|-1|0
12000|-1||-1||0|0|-1|0
