21,100,582,399,783,560,1,5,2,40,88,91,89,92,1230,,,,,,50,50,10,10,100,,,,,,,,
22,100,591,552,685,695,1,5,3,20,88,91,89,92,94,1230,,,,,30,30,30,30,10,100,,,,,,,
23,100,423,552,594,788,1,5,5,30,90,93,94,1230,,,,,,,30,30,30,100,,,,,,,,,
24,100,541,375,592,554,1,5,4,20,89,92,96,99,95,98,1230,,,,30,30,40,40,5,5,100,,,,,,
25,100,479,355,541,557,1,5,5,30,90,93,97,100,1230,1425,1484,,,,20,20,20,20,100,200,200,,,,,,
26,100,425,387,480,554,1,5,6,40,97,100,101,,,,,,,,20,20,10,,,,,,,,,,
27,100,403,316,526,391,1,5,5,20,90,93,97,100,,,,,,,30,30,30,30,,,,,,,,,
28,100,11,567,155,707,1,5,2,20,104,107,110,113,,,,,,,30,30,10,10,,,,,,,,,
29,100,208,524,308,682,1,5,5,20,89,108,111,114,,,,,,,30,30,10,10,,,,,,,,,
30,100,63,392,308,524,1,5,8,20,105,108,89,114,,,,,,,30,30,20,20,,,,,,,,,
31,100,308,524,426,691,1,5,5,30,106,109,111,114,,,,,,,30,30,5,5,,,,,,,,,
32,100,128,315,202,392,1,5,10,30,115,112,116,,,,,,,,30,30,30,50,80,,,,,,,,
33,100,308,387,426,524,1,5,10,40,117,115,112,,,,,,,,30,30,30,,,,,,,,,,
34,100,444,299,494,315,1,5,10,40,90,93,97,100,1425,,,,,,5,5,5,5,5,,,,,,,,
36,100,1,1,799,799,0,0,1,1,,,,,,,,,,,,,,,,,,,,,,,
37,100,365,440,416,486,1,6,8,60,118,119,176,177,117,179,180,101,178,181,1,3,3,5,3,3,3,3,3,3,,,
38,100,547,115,699,241,1,5,3,100,122,126,129,120,124,159,163,167,164,1428,20,20,20,1,1,20,20,20,1,60,,,
39,100,547,241,679,331,1,5,4,100,122,126,129,158,162,166,793,,,,5,5,5,5,5,5,6,,,,,,
40,100,539,297,587,374,1,5,5,500,122,126,129,,,,,,,,4,4,4,,,,,,,,,,
41,100,587,331,630,343,1,5,3,110,122,126,129,158,162,166,,,,,20,20,20,,,,,,,,,,
42,100,532,332,595,361,1,5,5,110,122,126,129,158,162,166,,,,,20,20,20,,,,,,,,,,
43,100,524,325,546,346,1,5,2,120,122,126,129,158,162,166,,,,,20,20,20,,,,,,,,,,
44,100,504,298,547,325,1,5,3,100,132,136,140,,,,,,,,20,20,20,,,,,,,,,,
45,100,434,237,547,298,1,5,3,100,132,136,140,121,125,128,157,161,165,,20,20,20,20,20,20,20,20,20,,,,
46,100,434,176,547,237,1,5,5,100,133,137,141,158,162,166,205,127,129,794,5,5,5,5,5,5,5,5,5,9,,,
47,100,434,115,547,176,1,5,5,100,134,139,142,131,135,794,,,,,10,10,10,1,1,30,,,,,,,
48,100,180,25,434,120,1,5,5,100,146,150,153,,,,,,,,30,30,30,,,,,,,,,,
49,100,180,120,315,200,1,5,5,100,146,150,153,143,147,1423,1432,,,,30,30,30,1,1,60,60,,,,,,
50,100,315,120,434,200,1,5,4,100,145,149,152,1423,1432,,,,,,30,30,30,60,60,,,,,,,,
51,100,180,200,360,282,1,5,3,100,144,148,151,792,1315,1316,,,,,15,15,15,60,50,80,,,,,,,
52,100,360,200,433,314,1,5,3,100,144,148,151,792,,,,,,,15,15,15,75,,,,,,,,,
54,100,556,345,621,393,1,5,10,50,169,170,,,,,,,,,3,3,,,,,,,,,,,
55,100,614,393,621,403,1,5,10,50,169,170,,,,,,,,,3,3,,,,,,,,,,,
56,100,621,341,645,412,1,5,10,50,169,170,711,,,,,,,,6,6,6,,,,,,,,,,
57,100,633,329,640,403,1,5,10,50,169,170,,,,,,,,,3,3,,,,,,,,,,,
58,100,273,282,353,366,1,5,10,50,171,172,173,174,175,791,1429,,,,3,5,5,5,5,20,50,,,,,,
59,777,1,1,159,159,0,0,5,1,,,,,,,,,,,,,,,,,,,,,,,
60,777,1,1,129,149,0,0,5,1,,,,,,,,,,,,,,,,,,,,,,,
61,777,1,1,149,149,0,0,5,1,,,,,,,,,,,,,,,,,,,,,,,
62,777,1,1,99,99,0,0,5,1,,,,,,,,,,,,,,,,,,,,,,,
63,777,1,1,149,149,0,0,5,1,,,,,,,,,,,,,,,,,,,,,,,
64,100,11,524,208,708,1,5,5,10,105,108,111,114,116,,,,,,30,30,20,20,10,,,,,,,,
65,100,568,538,610,578,1,5,4,30,89,92,94,,,,,,,,1,1,1,,,,,,,,,,
66,100,432,236,546,315,1,5,3,5,132,136,140,121,125,128,157,161,165,,20,20,20,20,20,20,20,20,20,,,,
67,100,433,306,446,315,1,5,3,20,88,91,89,92,94,,,,,,30,30,30,30,10,,,,,,,,
68,100,433,310,499,315,1,5,3,20,88,91,89,92,94,,,,,,30,30,30,30,10,,,,,,,,
70,100,520,323,538,338,1,5,2,120,122,126,129,158,162,166,127,,,,20,20,20,20,20,20,20,,,,,,
72,10001,1,1,49,49,1,7,5,1,183,188,192,,,,,,,,20,20,20,,,,,,,,,,
73,10002,1,1,49,49,1,7,6,1,184,188,193,,,,,,,,20,20,20,,,,,,,,,,
74,10003,1,1,27,32,1,7,7,10,196,200,197,201,203,,,,,,3,3,10,20,15,,,,,,,,
75,10003,1,1,49,49,1,7,8,1,185,190,194,,,,,,,,20,20,20,,,,,,,,,,
76,10004,1,1,49,49,1,7,8,1,197,201,203,1480,,,,,,,10,20,15,40,,,,,,,,,
77,10005,1,1,49,49,1,7,10,1,198,202,204,,,,,,,,10,20,15,,,,,,,,,,
78,10006,1,1,49,99,1,7,10,1,186,191,195,797,1447,,,,,,10,10,10,30,20,,,,,,,,
79,10101,1,1,49,49,1,7,3,1,206,209,210,213,216,,,,,,30,1,20,20,1,,,,,,,,
80,10102,1,1,49,49,1,7,4,1,207,211,214,,,,,,,,10,5,10,,,,,,,,,,
81,10103,1,1,49,49,1,7,5,1,208,212,215,,,,,,,,10,10,10,,,,,,,,,,
82,777,1,1,129,129,0,0,5,1,,,,,,,,,,,,,,,,,,,,,,,
83,10007,1,1,59,59,0,0,5,1,,,,,,,,,,,,,,,,,,,,,,,
86,997,1,1,200,200,0,1,1,1,107,,,,,,,,,,1,,,,,,,,,,,,
87,200,550,282,652,403,1,5,2,1,226,229,227,230,232,1454,,,,,10,10,5,5,5,45,,,,,,,
88,200,516,238,772,452,1,5,4,1,228,231,233,414,,,,,,,3,3,3,5,,,,,,,,,
89,200,384,42,605,238,1,5,8,1,228,231,233,235,,,,,,,10,10,10,3,,,,,,,,,
90,200,384,42,605,238,1,5,8,1,236,238,228,231,233,237,,,,,10,10,3,3,5,3,,,,,,,
91,200,384,238,516,415,1,5,8,1,236,238,228,231,233,234,,,,,10,10,5,5,5,3,,,,,,,
92,200,384,415,516,528,1,6,8,1,236,238,239,,,,,,,,10,10,10,,,,,,,,,,
93,200,467,156,506,197,2,6,8,2,236,238,239,,,,,,,,10,10,5,,,,,,,,,,
94,200,441,123,177,480,2,6,10,2,239,238,236,,,,,,,,10,5,5,,,,,,,,,,
95,200,262,565,333,686,1,5,2,5,240,243,246,241,244,,,,,,10,10,3,5,5,,,,,,,,
96,200,95,499,304,565,1,5,3,5,242,245,247,255,,,,,,,10,10,10,5,,,,,,,,,
97,200,30,327,251,502,1,5,6,5,256,258,,,,,,,,,3,3,,,,,,,,,,,
98,200,333,565,401,666,1,7,5,5,242,245,247,255,,,,,,,10,10,10,5,,,,,,,,,
99,200,304,494,401,565,1,7,5,5,242,245,247,255,,,,,,,10,10,10,5,,,,,,,,,
100,200,401,506,433,617,1,7,5,5,242,245,247,255,,,,,,,10,10,10,5,,,,,,,,,
101,200,401,506,433,617,1,7,5,5,242,245,247,255,,,,,,,10,10,10,5,,,,,,,,,
102,200,430,526,439,544,1,7,5,5,242,245,247,255,,,,,,,10,10,10,5,,,,,,,,,
103,200,231,248,314,327,1,5,6,5,256,258,,,,,,,,,3,3,,,,,,,,,,,
104,200,314,278,320,296,1,5,6,5,256,258,,,,,,,,,3,3,,,,,,,,,,,
105,200,320,287,326,296,1,5,6,5,256,258,,,,,,,,,3,3,,,,,,,,,,,
106,200,422,325,428,359,1,5,8,5,259,256,,,,,,,,,3,3,,,,,,,,,,,
107,200,402,320,414,327,1,5,8,5,259,256,,,,,,,,,3,3,,,,,,,,,,,
108,200,384,314,402,327,1,5,8,5,259,256,1453,,,,,,,,3,3,5,,,,,,,,,,
109,200,367,305,384,327,1,5,8,5,259,256,,,,,,,,,3,3,,,,,,,,,,,
110,200,410,367,417,377,1,5,8,5,259,256,,,,,,,,,3,3,,,,,,,,,,,
111,200,407,367,410,393,1,5,8,5,259,256,,,,,,,,,3,3,,,,,,,,,,,
112,200,407,325,422,367,1,5,8,5,259,256,,,,,,,,,3,3,,,,,,,,,,,
113,200,332,327,407,446,1,5,8,5,259,256,,,,,,,,,3,3,,,,,,,,,,,
114,200,251,446,396,499,1,5,6,5,256,258,255,257,,,,,,,10,10,10,3,,,,,,,,,
115,200,251,327,332,446,1,5,6,5,258,256,254,247,245,242,,,,,10,10,1,10,5,5,,,,,,,
116,200,91,564,250,671,1,7,8,10,249,712,1442,,,,,,,,9,9,30,,,,,,,,,,
117,200,194,551,250,577,1,5,6,15,248,,,,,,,,,,3,,,,,,,,,,,,
118,200,91,557,158,572,1,5,6,15,249,,,,,,,,,,3,,,,,,,,,,,,
119,200,314,296,367,327,1,7,5,5,242,245,247,255,,,,,,,10,10,10,5,,,,,,,,,
120,777,1,1,149,149,0,0,5,1,,,,,,,,,,,,,,,,,,,,,,,
121,777,1,1,149,149,0,0,5,1,,,,,,,,,,,50,40,30,20,30,,,,,,,,
122,777,1,1,119,119,0,0,5,1,,,,,,,,,,,,,,,,,,,,,,,
123,777,1,1,119,119,0,0,5,1,,,,,,,,,,,,,,,,,,,,,,,
124,777,1,1,119,119,0,0,5,1,,,,,,,,,,,,,,,,,,,,,,,
125,777,1,1,119,119,0,0,5,1,,,,,,,,,,,,,,,,,,,,,,,
126,200,500,402,513,458,1,5,5,50,283,287,290,,,,,,,,10,20,15,,,,,,,,,,
127,200,497,409,517,444,1,5,5,50,283,287,290,,,,,,,,10,20,15,,,,,,,,,,
128,200,515,428,527,435,1,5,5,50,283,287,290,,,,,,,,10,20,15,,,,,,,,,,
129,200,515,416,522,428,1,5,5,50,283,287,290,,,,,,,,10,20,15,,,,,,,,,,
130,200,513,435,520,444,1,5,5,50,283,287,290,,,,,,,,10,20,15,,,,,,,,,,
131,200,513,444,520,458,1,5,5,50,283,287,290,,,,,,,,10,20,15,,,,,,,,,,
132,200,503,455,527,488,1,5,5,50,283,287,290,,,,,,,,10,20,15,,,,,,,,,,
133,200,503,462,619,618,1,5,6,50,261,265,283,287,290,,,,,,3,3,10,10,10,,,,,,,,
134,200,486,498,496,512,1,5,6,50,261,265,283,287,290,,,,,,3,3,10,10,10,,,,,,,,
135,200,471,506,493,514,1,5,6,50,261,265,283,287,290,,,,,,3,3,10,10,10,,,,,,,,
136,200,466,513,507,618,1,5,6,50,261,265,283,287,290,1422,,,,,3,3,10,10,10,25,,,,,,,
137,200,481,616,695,807,1,5,6,60,284,288,291,265,276,279,811,1422,,,10,10,10,5,5,5,45,80,,,,,
138,200,602,616,695,722,1,5,8,70,288,284,291,287,283,290,286,282,393,,5,5,5,5,5,5,3,3,10,,,,
139,200,451,694,493,922,1,5,6,70,261,265,268,284,288,291,,,,,10,10,10,5,5,5,,,,,,,
140,200,77,806,553,1068,1,5,6,30,287,283,284,288,291,261,265,268,1451,1457,2,2,5,5,5,5,5,5,35,40,,,
141,200,365,805,452,932,1,6,6,50,261,265,268,284,288,291,,,,,10,10,10,5,5,5,,,,,,,
142,200,339,844,365,944,1,6,6,50,261,265,268,284,288,291,,,,,10,10,10,5,5,5,,,,,,,
143,200,238,859,340,982,1,6,7,50,262,266,269,285,289,292,272,276,394,,20,20,20,10,10,10,3,3,10,,,,
144,200,155,900,237,964,1,7,8,50,263,267,270,272,276,279,,,,,10,10,10,5,5,5,,,,,,,
145,200,212,964,237,999,1,7,8,50,263,267,270,272,276,279,,,,,10,10,10,5,5,5,,,,,,,
146,200,63,1067,112,1168,1,5,10,50,261,265,268,260,264,,,,,,20,20,20,3,3,,,,,,,,
147,200,346,667,360,743,1,5,8,200,273,277,280,289,285,292,263,267,270,275,20,20,20,5,5,5,5,5,5,4,,,
148,200,360,667,365,735,1,5,8,200,273,277,280,289,285,292,263,267,270,,20,20,20,5,5,5,5,5,5,,,,
149,200,365,667,372,713,1,5,8,200,273,277,280,289,285,292,263,267,270,,20,20,20,5,5,5,5,5,5,,,,
150,200,419,619,485,644,1,5,8,200,273,277,280,289,285,292,263,267,270,271,20,20,20,5,5,5,5,5,5,4,,,
151,200,372,639,473,713,1,5,8,200,273,277,280,289,285,292,263,267,270,,20,20,20,5,5,5,5,5,5,,,,
152,200,244,687,332,814,1,5,10,200,281,278,274,270,263,267,1442,,,,20,20,20,5,5,5,45,,,,,,
153,200,226,745,244,790,1,5,10,200,281,278,274,270,263,267,,,,,20,20,20,5,5,5,,,,,,,
154,200,230,790,244,796,1,5,10,200,281,278,274,270,263,267,,,,,20,20,20,5,5,5,,,,,,,
155,200,236,796,244,803,1,5,10,200,281,278,274,270,263,267,,,,,20,20,20,5,5,5,,,,,,,
156,200,250,814,327,819,1,5,10,200,281,278,274,270,263,267,,,,,20,20,20,5,5,5,,,,,,,
157,200,284,819,320,830,1,5,10,200,281,278,274,270,263,267,,,,,20,20,20,5,5,5,,,,,,,
158,200,320,819,324,825,1,5,10,200,281,278,274,270,263,267,,,,,20,20,20,5,5,5,,,,,,,
159,200,270,819,284,826,1,5,10,200,281,278,274,270,263,267,,,,,20,20,20,5,5,5,,,,,,,
160,200,332,750,339,805,1,5,10,200,281,278,274,270,263,267,,,,,20,20,20,5,5,5,,,,,,,
161,200,339,741,345,775,1,5,10,200,281,278,274,270,263,267,,,,,20,20,20,5,5,5,,,,,,,
162,200,345,744,352,761,1,5,10,200,281,278,274,270,263,267,,,,,20,20,20,5,5,5,,,,,,,
163,200,150,750,226,806,1,5,5,50,293,296,299,,,,,,,,10,10,10,,,,,,,,,,
164,200,39,656,150,804,1,7,8,100,294,297,300,314,808,,,,,,20,20,20,3,65,,,,,,,,
165,200,151,673,243,749,1,7,8,100,294,297,300,316,1442,,,,,,10,10,10,3,30,,,,,,,,
166,200,40,666,94,719,2,7,10,150,315,294,297,300,,,,,,,3,10,10,10,,,,,,,,,
167,200,311,211,441,345,1,5,5,3,309,308,307,800,,,,,,,8,8,5,25,,,,,,,,,
168,200,340,170,410,211,1,5,5,3,309,308,306,,,,,,,,10,10,3,,,,,,,,,,
169,200,410,192,422,211,1,5,5,3,309,308,,,,,,,,,3,3,,,,,,,,,,,
170,200,422,203,430,211,1,5,5,3,309,308,,,,,,,,,3,3,,,,,,,,,,,
171,200,441,257,466,324,1,5,5,3,309,308,,,,,,,,,3,3,,,,,,,,,,,
172,200,441,324,454,338,1,5,5,3,309,308,,,,,,,,,3,3,,,,,,,,,,,
173,200,454,324,461,334,1,5,5,3,309,308,,,,,,,,,3,3,,,,,,,,,,,
174,200,441,226,451,257,1,5,5,3,309,308,,,,,,,,,3,3,,,,,,,,,,,
175,200,451,236,458,257,1,5,5,3,309,308,,,,,,,,,3,3,,,,,,,,,,,
176,200,456,253,461,261,1,5,5,3,309,308,,,,,,,,,3,3,,,,,,,,,,,
177,200,189,787,205,875,1,5,10,100,273,277,280,272,276,279,,,,,10,10,10,5,5,5,,,20,,,,
178,200,205,780,213,864,1,5,10,100,273,277,280,272,276,279,,,,,10,10,10,5,5,5,,,,,,,
179,200,213,783,219,847,1,5,10,100,273,277,280,272,276,279,,,,,10,10,10,5,5,5,,,,,,,
180,200,219,783,232,841,1,5,10,100,273,277,280,272,276,279,,,,,10,10,10,5,5,5,,,,,,,
181,200,232,800,243,836,1,5,10,100,273,277,280,272,276,279,,,,,10,10,10,5,5,5,,,,,,,
182,200,243,815,249,826,1,5,10,100,273,277,280,272,276,279,,,,,10,10,10,5,5,5,,,,,,,
183,200,167,791,189,869,1,5,10,100,273,277,280,272,276,279,,,,,10,10,10,5,5,5,,,,,,,
184,200,150,805,167,869,1,5,10,100,273,277,280,272,276,279,,,,,10,10,10,5,5,5,,,,,,,
185,200,94,805,150,875,1,5,10,100,273,277,280,272,276,279,,,,,10,10,10,5,5,5,,,,,,,
186,200,590,438,617,479,1,6,10,90,302,303,304,305,,,,,,,3,3,3,3,,,,,,,,,
187,200,594,453,661,514,1,6,10,500,302,303,304,305,1131,,,,,,3,3,3,3,3,,,,,,,,
188,200,588,507,598,519,1,6,10,90,302,303,304,305,,,,,,,3,3,3,3,,,,,,,,,
189,200,521,435,527,454,1,6,10,100,310,311,312,313,,,,,,,3,3,3,3,,,,,,,,,
190,200,527,425,568,475,1,6,10,100,310,311,312,313,,,,,,,3,3,3,3,,,,,,,,,
191,200,532,475,561,484,1,6,10,100,310,311,312,313,,,,,,,3,3,3,3,,,,,,,,,
192,200,548,400,565,480,1,6,10,100,310,311,312,313,,,,,,,3,3,3,3,,,,,,,,,
193,200,523,416,617,427,1,6,10,100,310,311,312,313,,,,,,,3,3,3,3,,,,,,,,,
194,200,540,409,619,416,1,6,10,100,310,311,312,313,,,,,,,3,3,3,3,,,,,,,,,
195,200,600,383,626,406,1,6,10,100,310,311,312,313,,,,,,,3,3,3,3,,,,,,,,,
196,200,561,402,623,409,1,6,10,100,310,311,312,313,,,,,,,3,3,3,3,,,,,,,,,
197,200,582,392,591,404,1,6,10,100,310,311,312,313,,,,,,,3,3,3,3,,,,,,,,,
198,200,591,387,600,406,1,6,10,100,310,311,312,313,,,,,,,3,3,3,3,,,,,,,,,
199,200,588,425,616,441,1,6,10,100,310,311,312,313,,,,,,,3,3,3,3,,,,,,,,,
200,200,568,423,577,467,1,6,10,100,310,311,312,313,,,,,,,3,3,3,3,,,,,,,,,
201,200,575,421,590,460,1,6,10,100,310,311,312,313,,,,,,,3,3,3,3,,,,,,,,,
202,200,582,438,595,448,1,6,10,100,310,311,312,313,,,,,,,3,3,3,3,,,,,,,,,
203,10201,0,0,39,59,1,7,10,1,318,320,321,1444,1477,,,,,,20,10,10,45,3,,,,,,,,
204,10202,0,0,39,59,1,7,8,1,318,320,321,1017,,,,,,,3,3,3,5,,,,,,,,,
205,10203,0,0,39,59,1,7,10,1,320,318,321,806,,,,,,,20,10,10,45,,,,,,,,,
206,10203,6,27,18,36,1,7,10,10,320,318,321,319,,,,,,,20,10,10,3,,,,,,,,,
207,10201,18,27,31,41,1,7,10,10,318,320,321,317,,,,,,,20,10,10,3,,,,,,,,,
208,10204,0,0,199,50,1,5,5,1,322,323,324,325,326,,,,,,3,3,3,3,3,,,,,,,,
209,20301,0,0,299,149,1,7,8,1,329,,,,,,,,,,1,,,,,,,,,,,,
210,20301,140,10,210,140,1,8,8,10,329,332,331,328,330,,,,,,20,10,5,3,3,,,,,,,,
211,20101,0,0,49,69,1,7,3,1,334,337,339,,,,,,,,20,10,10,,,,,,,,,,
212,20102,0,0,39,69,1,7,4,1,335,337,339,333,802,1456,,,,,20,10,10,3,40,85,,,,,,,
213,20103,0,0,49,49,1,7,5,1,337,334,339,,,,,,,,20,10,10,,,,,,,,,,
214,20104,0,0,39,39,1,7,6,1,338,334,340,336,804,1450,,,,,20,10,10,3,40,90,,,,,,,
215,20105,0,0,49,69,0,0,5,1,,,,,,,,,,,,,,,,,,,,,,,
216,20401,0,0,49,49,1,7,3,1,342,346,,,,,,,,,30,10,,,,,,,,,,,
217,20402,0,0,49,49,1,7,4,1,343,346,,,,,,,,,20,10,,,,,,,,,,,
218,20403,0,0,49,49,1,7,5,1,343,347,,,,,,,,,20,20,,,,,,,,,,,
219,20404,0,0,49,49,1,7,5,1,347,344,341,,,,,,,,30,10,3,,,,,,,,,,
220,20405,0,0,49,49,1,7,5,1,348,344,345,,,,,,,,30,10,3,,,,,,,,,,
221,20406,0,0,49,69,0,0,5,1,,,,,,,,,,,,,,,,,,,,,,,
222,200,371,866,450,926,1,5,5,300,349,261,265,268,284,288,291,,,,3,2,2,2,2,2,2,,,,,,
223,100,363,122,430,198,1,5,4,500,145,149,152,350,,,,,,,5,5,5,3,,,,,,,,,
224,100,363,202,430,252,1,5,3,500,144,148,151,350,,,,,,,5,5,5,3,,,,,,,,,
225,11101,0,0,69,69,1,3,5,1,351,352,353,431,,,,,,,3,3,5,3,,,,,,,,,
226,11102,0,0,49,49,1,3,5,1,351,352,353,431,,,,,,,3,5,3,3,,,,,,,,,
227,11103,0,0,49,49,1,3,5,1,351,352,353,431,,,,,,,5,3,3,3,,,,,,,,,
228,11104,0,0,49,49,1,3,5,1,354,355,356,431,,,,,,,3,3,3,3,,,,,,,,,
229,11105,0,0,49,49,1,3,5,1,354,355,356,431,,,,,,,3,3,3,3,,,,,,,,,
230,11106,0,0,49,49,1,3,5,1,357,358,359,431,,,,,,,3,3,3,3,,,,,,,,,
231,11107,0,0,49,49,0,0,5,1,,,,,,,,,,,,,,,,,,,,,,,
232,11001,0,0,49,49,1,7,3,1,361,364,,,,,,,,,20,10,,,,,,,,,,,
233,11002,0,0,49,49,1,7,4,1,361,364,,,,,,,,,10,20,,,,,,,,,,,
234,11003,0,0,49,49,1,7,6,1,361,362,364,366,360,,,,,,20,20,10,20,3,,,,,,,,
235,11004,0,0,49,49,1,7,8,1,364,365,362,366,363,1309,1448,,,,10,10,5,10,3,50,40,,,,,,
236,11005,0,0,49,49,1,7,10,1,362,365,367,,,,,,,,10,10,10,,,,,,,,,,
237,10601,0,0,49,49,1,2,2,1,369,373,368,408,411,795,1436,,,,15,10,3,5,3,35,20,50,,,,,
238,10602,0,0,49,49,1,7,3,1,369,373,376,372,408,409,411,412,796,1441,5,10,5,3,5,2,3,3,30,20,50,,
239,10603,0,0,49,49,1,7,5,1,370,374,408,409,410,411,412,413,,,25,15,10,5,3,3,3,3,20,,,,
240,10604,0,0,49,49,1,1,5,1,370,374,377,408,409,411,412,,,,10,20,10,10,5,3,3,20,,,,,
241,10605,0,0,49,49,1,7,5,1,378,371,375,408,411,,,,,,40,15,15,10,10,20,,,,,,,
242,10701,0,0,80,80,1,7,5,1,380,383,,,,,,,,,10,10,,,,,,,,,,,
243,10702,0,0,49,49,1,7,5,1,381,383,379,,,,,,,,30,15,3,,,,,,,,,,
244,10703,0,0,79,79,1,7,5,1,380,383,,,,,,,,,10,10,,,,,,,,,,,
245,10704,0,0,49,49,1,7,5,1,381,384,382,,,,,,,,15,30,3,,,,,,,,,,
246,10705,0,0,79,79,1,7,5,1,380,383,,,,,,,,,10,10,,,,,,,,,,,
247,11006,0,0,49,49,0,0,5,1,,,,,,,,,,,,,,,,,,,,,,,
248,10402,0,0,49,49,1,5,8,1,386,390,,,,,,,,,20,10,,,,,,,,,,,
249,10403,0,0,49,49,1,5,8,1,386,390,,,,,,,,,10,20,,,,,,,,,,,
250,10404,0,0,49,49,1,5,8,1,387,391,,,,,,,,,20,10,,,,,,,,,,,
251,10405,0,0,49,49,1,5,8,1,387,391,,,,,,,,,10,20,,,,,,,,,,,
252,10406,0,0,49,49,1,5,8,1,388,392,385,,,,,,,,25,15,3,,,,,,,,,,
253,10407,0,0,49,49,1,5,8,1,388,392,389,,,,,,,,10,20,3,,,,,,,,,,
254,10408,0,0,49,49,0,,8,1,,,,,,,,,,,,,,,,,,,,,,,
256,101,0,0,29,29,0,0,5,1,,,,,,,,,,,,,,,,,,,,,,,
257,200,327,708,457,813,1,5,6,1,287,283,284,288,291,261,265,268,,,5,5,10,10,10,10,10,10,,,,,
258,20801,0,0,69,69,1,7,5,1,395,397,399,403,1209,,,,,,20,10,10,10,20,,,,,,,,
259,20802,0,0,49,49,1,7,5,1,397,395,399,403,1210,,,,,,10,20,10,10,20,,,,,,,,
260,20803,0,0,49,49,1,7,5,1,395,397,398,403,1211,,,,,,10,10,20,10,20,,,,,,,,
261,20804,0,0,49,49,1,7,5,1,396,398,400,403,404,1212,,,,,2,2,8,8,9,10,,,,,,,
262,20805,0,0,49,49,1,7,5,1,396,398,400,403,405,,,,,,2,8,2,8,9,,,,,,,,
263,20806,0,0,49,49,1,7,5,1,396,398,400,403,406,,,,,,8,2,2,8,9,,,,,,,,
264,20807,0,0,49,49,0,0,5,1,,,,,,,,,,,,,,,,,,,,,,,
265,100,463,294,480,300,1,5,10,200,90,93,97,100,,,,,,,3,3,3,3,,,,,,,,,
267,1099,21,39,27,46,1,7,1,1,414,,,,,,,,,,3,,,,,,,,,,,,
268,20501,0,0,60,60,1,3,10,1,416,419,422,,,,,,,,20,10,30,,,,,,,,,,
269,20502,0,0,60,60,1,3,10,1,419,416,422,,,,,,,,20,10,30,,,,,,,,,,
270,20503,0,0,60,60,1,3,10,1,416,420,422,,,,,,,,20,10,30,,,,,,,,,,
271,20504,0,0,60,60,1,3,10,1,420,416,422,,,,,,,,20,10,30,,,,,,,,,,
272,20505,0,0,60,60,1,3,10,1,417,421,422,,,,,,,,20,10,30,,,,,,,,,,
273,20506,0,0,60,60,1,3,10,1,421,417,422,,,,,,,,20,10,30,,,,,,,,,,
274,20507,0,0,60,60,1,3,10,1,418,421,422,415,,,,,,,20,10,30,3,,,,,,,,,
275,20508,0,0,25,25,0,0,5,1,,,,,,,,,,,,,,,,,,,,,,,
276,20601,0,0,59,59,1,7,2,1,423,,,,,,,,,,3,,,,,,,,,,,,
277,20602,0,0,69,49,1,7,3,1,423,,,,,,,,,,3,,,,,,,,,,,,
278,20603,0,0,49,69,1,7,3,1,423,1220,,,,,,,,,50,3,,,,,,,,,,,
279,20604,0,0,59,59,1,7,4,1,423,430,,,,,,,,,10,3,,,,,,,,,,,
280,20605,0,0,59,79,1,7,4,1,423,430,,,,,,,,,10,3,,,,,,,,,,,
281,20606,0,0,69,49,1,7,5,1,423,430,,,,,,,,,10,3,,,,,,,,,,,
282,20607,0,0,79,59,0,0,5,1,,,,,,,,,,,,,,,,,,,,,,,
283,10901,0,0,50,50,1,5,4,1,424,,,,,,,,,,3,,,,,,,,,,,,
284,10912,0,0,40,40,1,5,4,1,424,,,,,,,,,,3,,,,,,,,,,,,
285,10913,0,0,50,50,1,5,4,1,424,,,,,,,,,,3,,,,,,,,,,,,
286,10914,0,0,40,60,1,5,4,1,425,,,,,,,,,,3,,,,,,,,,,,,
287,10915,0,0,60,40,1,5,4,1,425,,,,,,,,,,3,,,,,,,,,,,,
288,10916,0,0,20,80,1,5,4,1,425,,,,,,,,,,3,,,,,,,,,,,,
289,10917,0,0,100,30,1,5,4,1,426,,,,,,,,,,3,,,,,,,,,,,,
290,10918,0,0,30,30,1,5,4,1,426,,,,,,,,,,1,,,,,,,,,,,,
291,10919,0,0,20,20,0,0,4,1,,,,,,,,,,,1,,,,,,,,,,,,
292,10920,0,0,100,100,0,0,4,1,,,,,,,,,,,1,,,,,,,,,,,,
293,20701,0,0,50,50,1,5,4,1,427,,,,,,,,,,1,,,,,,,,,,,,
294,20702,0,0,60,70,1,5,4,1,427,,,,,,,,,,1,,,,,,,,,,,,
295,20703,0,0,30,30,1,5,4,1,427,,,,,,,,,,1,,,,,,,,,,,,
296,20704,0,0,20,20,1,5,4,1,427,,,,,,,,,,1,,,,,,,,,,,,
297,20705,0,0,20,40,1,5,4,1,427,,,,,,,,,,1,,,,,,,,,,,,
298,20706,0,0,50,50,1,5,4,1,428,,,,,,,,,,1,,,,,,,,,,,,
299,20707,0,0,60,40,1,5,4,1,428,,,,,,,,,,1,,,,,,,,,,,,
300,20708,0,0,40,70,1,5,4,1,428,,,,,,,,,,1,,,,,,,,,,,,
301,20709,0,0,60,60,1,5,4,1,429,,,,,,,,,,1,,,,,,,,,,,,
302,20710,0,0,50,50,1,5,4,1,429,,,,,,,,,,1,,,,,,,,,,,,
303,20711,0,0,30,40,0,0,4,1,,,,,,,,,,,1,,,,,,,,,,,,
304,20712,0,0,50,50,0,0,4,1,,,,,,,,,,,1,,,,,,,,,,,,
305,300,159,205,252,383,1,5,5,1,433,436,,,,,,,,,20,20,,,,,,,,,,,
306,300,198,383,322,469,1,5,5,1,433,436,,,,,,,,,3,3,,,,,,,,,,,
307,300,252,276,319,383,1,5,5,1,433,436,1424,1440,,,,,,,3,3,5,5,,,,,,,,,
308,300,223,348,246,374,1,5,5,5,436,435,,,,,,,,,80,3,,,,,,,,,,,
309,300,161,331,191,361,1,5,5,5,433,432,,,,,,,,,80,2,,,,,,,,,,,
310,300,322,383,496,540,1,5,5,10,463,465,466,,,,,,,,3,3,3,,,,,,,,,,
311,300,319,231,486,383,1,5,5,20,439,441,442,,,,,,,,3,3,3,,,,,,,,,,
312,300,425,78,564,238,1,5,5,30,444,446,,,,,,,,,3,3,,,,,,,,,,,
313,300,318,146,425,221,1,5,5,20,444,446,,,,,,,,,3,3,,,,,,,,,,,
314,300,490,78,529,108,1,5,5,50,444,446,443,,,,,,,,60,20,2,,,,,,,,,,
315,300,427,100,459,126,1,5,5,50,444,446,445,,,,,,,,20,60,2,,,,,,,,,,
316,300,85,37,233,195,1,5,5,70,449,451,452,714,1019,1020,1221,1430,1452,1455,15,15,15,10,20,20,3,50,50,50,,,
317,300,233,106,276,165,1,5,5,70,449,451,452,1019,1020,1452,1455,,,,3,3,3,10,10,30,30,,,,,,
318,300,221,85,251,112,1,5,5,70,449,451,452,1019,1020,1452,1455,,,,3,3,3,10,10,30,30,,,,,,
319,31001,0,0,49,49,0,0,5,1,,,,,,,,,,,20,,,,,,,,,,,,
320,31002,0,0,49,49,0,0,5,1,,,,,,,,,,,,,,,,,,,,,,,
321,31003,0,0,24,24,0,0,5,1,,,,,,,,,,,,,,,,,,,,,,,
322,31101,0,0,49,49,0,0,5,1,1328,,,,,,,,,,20,,,,,,,,,,,,
323,31102,0,0,49,49,0,0,5,1,,,,,,,,,,,,,,,,,,,,,,,
324,31103,0,0,24,24,0,0,5,1,,,,,,,,,,,,,,,,,,,,,,,
325,31201,0,0,49,49,1,7,2,1,455,458,459,,,,,,,,20,10,10,,,,,,,,,,
326,31202,0,0,39,59,1,7,3,1,458,455,459,,,,,,,,20,10,10,,,,,,,,,,
327,31203,0,0,49,49,1,7,4,1,456,461,460,,,,,,,,20,10,10,,,,,,,,,,
328,31204,0,0,59,59,1,7,5,1,461,456,460,454,457,1434,,,,,30,15,15,3,3,70,,,,,,,
329,31205,0,0,24,24,0,0,5,1,,,,,,,,,,,,,,,,,,,,,,,
330,300,449,517,466,531,1,5,5,50,463,465,462,466,1424,,,,,,20,10,3,10,40,,,,,,,,
331,300,367,456,380,469,1,5,5,50,463,465,464,466,827,1424,,,,,10,20,1,10,100,100,,,,,,,
332,300,393,267,406,280,1,5,5,20,439,441,442,438,,,,,,,60,20,20,3,,,,,,,,,
333,300,403,346,418,363,1,5,5,20,439,441,442,440,,,,,,,20,60,20,3,,,,,,,,,
334,31301,0,0,39,119,1,7,10,1,467,468,469,470,471,1446,1475,,,,5,20,5,20,10,50,3,,,,,,
335,31501,0,0,39,119,1,7,10,1,467,468,469,470,471,1445,1476,,,,20,5,20,5,10,50,3,,,,,,
336,31401,0,0,119,39,1,7,5,1,473,475,477,1474,,,,,,,15,15,15,3,,,,,,,,,
337,31401,45,27,52,35,1,7,5,10,473,475,477,472,,,,,,,15,15,15,3,,,,,,,,,
338,31701,0,0,49,49,1,7,5,1,478,481,484,,,,,,,,20,10,10,,,,,,,,,,
339,31702,0,0,49,49,1,7,5,1,478,483,484,,,,,,,,10,20,10,,,,,,,,,,
340,31703,0,0,49,49,1,7,5,1,479,482,485,1479,,,,,,,10,10,20,40,,,,,,,,,
341,31704,0,0,49,49,1,7,5,1,479,482,485,487,1021,,,,,,10,10,10,20,20,,,,,,,,
342,31705,0,0,49,69,1,4,5,1,480,483,486,488,1433,,,,,,10,10,10,20,50,,,,,,,,
343,31706,0,0,49,79,1,4,5,1,480,483,486,489,,,,,,,10,10,10,20,,,,,,,,,
344,31706,2,23,7,62,100,100,5,10,480,483,486,489,,,,,,,10,10,10,20,,,,,,,,,
345,31706,32,23,36,62,100,100,5,10,480,483,486,489,,,,,,,10,10,10,20,,,,,,,,,
346,31601,0,0,69,69,1,7,5,1,490,492,494,,,,,,,,20,10,10,,,,,,,,,,
347,31602,0,0,69,69,1,7,5,1,490,492,494,496,,,,,,,10,20,10,20,,,,,,,,,
348,31603,0,0,99,99,0,0,5,1,,,,,,,,,,,,,,,,,,,,,,,
349,31604,0,0,69,69,1,7,5,1,490,492,494,,,,,,,,10,10,20,,,,,,,,,,
350,31605,0,0,69,69,1,7,5,1,491,493,495,496,497,,,,,,20,10,10,10,5,,,,,,,,
351,31606,0,0,99,99,0,0,5,1,,,,,,,,,,,,,,,,,,,,,,,
352,31607,0,0,69,69,1,7,5,1,491,493,495,,,,,,,,10,20,10,,,,,,,,,,
353,31608,0,0,69,69,1,7,5,1,491,493,495,497,,,,,,,10,10,20,10,,,,,,,,,
354,31609,0,0,99,99,0,0,5,1,,,,,,,,,,,,,,,,,,,,,,,
355,31610,0,0,49,49,0,0,5,1,,,,,,,,,,,,,,,,,,,,,,,
356,31801,0,0,49,49,1,7,8,1,502,504,506,508,,,,,,,2,3,3,6,,,,,,,,,
357,31802,0,0,49,49,1,7,8,1,502,504,506,508,,,,,,,3,2,3,6,,,,,,,,,
358,31803,0,0,49,49,1,7,10,1,503,505,507,508,,,,,,,2,3,3,6,,,,,,,,,
359,31804,0,0,49,49,1,7,10,1,503,505,507,1219,,,,,,,20,20,10,3,,,,,,,,,
360,31805,0,0,49,49,0,0,5,1,,,,,,,,,,,,,,,,,,,,,,,
361,31806,0,0,49,49,1,2,5,1,499,501,826,1327,1427,,,,,,3,3,2,3,10,,,,,,,,
362,31806,3,5,7,9,1,2,5,10,499,501,498,1327,1427,,,,,,50,50,3,20,,,,,,,,,
363,31806,36,36,39,39,1,2,5,10,499,501,500,826,,,,,,,25,25,3,50,10,,,,,,,,
364,5000,0,0,89,89,0,0,5,1,,,,,,,,,,,,,,,,,,,,,,,
365,5100,0,0,89,89,0,0,5,1,,,,,,,,,,,,,,,,,,,,,,,
366,6000,0,0,91,116,0,0,5,1,,,,,,,,,,,,,,,,,,,,,,,
367,31901,0,0,79,79,1,7,5,1,511,515,,,,,,,,,3,3,3,3,,,,,,,,,
368,31902,0,0,14,9,0,0,5,1,,,,,,,,,,,,,,,,,,,,,,,
369,31903,0,0,79,79,1,7,5,1,511,515,518,,,,,,,,3,3,3,,,,,,,,,,
370,31904,0,0,59,69,1,7,5,1,512,516,,,,,,,,,3,3,,,,,,,,,,,
371,31905,0,0,59,59,1,7,5,1,512,516,519,,,,,,,,3,3,3,,,,,,,,,,
372,31906,0,0,59,59,1,7,5,1,513,517,,,,,,,,,3,3,,,,,,,,,,,
373,31907,0,0,59,49,1,7,10,1,513,517,520,521,522,,,,,,3,3,3,3,3,,,,,,,,
374,31908,0,0,59,59,1,7,5,1,511,515,520,,,,,,,,3,3,3,,,,,,,,,,
375,31909,0,0,19,29,0,0,5,1,,,,,,,,,,,,,,,,,,,,,,,
376,31910,0,0,19,19,0,0,5,1,,,,,,,,,,,,,,,,,,,,,,,
377,31911,0,0,19,19,0,0,5,1,,,,,,,,,,,,,,,,,,,,,,,
378,300,112,37,162,74,1,3,5,100,449,451,452,448,,,,,,,60,20,40,3,,,,,,,,,
379,300,93,121,117,157,1,3,5,100,449,451,452,450,824,,,,,,5,15,10,3,35,,,,,,,,
380,31906,21,25,29,33,1,3,5,10,513,517,514,,,,,,,,40,60,3,,,,,,,,,,
381,31904,18,13,24,20,1,3,5,10,512,516,509,,,,,,,,60,40,3,,,,,,,,,,
382,400,0,0,149,148,1,5,10,1,523,524,525,526,527,529,809,1426,,,2,2,2,2,2,2,15,35,,,,,
383,400,0,0,149,148,1,3,10,10,523,524,525,526,527,529,528,713,809,,10,10,10,10,10,2,2,12,65,,,,
384,30201,0,0,49,49,1,7,6,1,530,531,532,,,,,,,,30,10,10,,,,,,,,,,
385,30202,0,0,49,49,1,7,8,1,530,531,532,,,,,,,,30,10,10,,,,,,,,,,
386,30203,0,0,99,99,1,7,10,1,530,531,532,823,1443,,,,,,10,10,10,30,80,,,,,,,,
387,30204,0,0,49,49,1,7,8,1,530,531,532,,,,,,,,10,30,10,,,,,,,,,,
388,30205,0,0,49,49,1,7,6,1,530,531,532,,,,,,,,10,30,10,,,,,,,,,,
389,30101,0,0,99,99,1,7,5,1,533,537,,,,,,,,,2,3,,,,,,,,,,,
390,30102,0,0,39,39,1,7,5,1,533,537,,,,,,,,,2,3,,,,,,,,,,,
391,30103,0,0,69,69,1,7,5,1,534,537,,,,,,,,,2,3,,,,,,,,,,,
392,30104,0,0,49,49,1,7,5,1,534,537,,,,,,,,,2,3,,,,,,,,,,,
393,30105,0,0,29,29,1,7,5,1,535,537,,,,,,,,,2,3,,,,,,,,,,,
394,30106,0,0,49,49,1,7,5,1,535,537,,,,,,,,,2,3,,,,,,,,,,,
395,30107,0,0,49,69,1,7,5,1,536,537,,,,,,,,,2,3,,,,,,,,,,,
396,30108,0,0,29,29,1,7,5,1,536,537,,,,,,,,,2,3,,,,,,,,,,,
397,777,0,0,19,19,0,0,5,1,,,,,,,,,,,,,,,,,,,,,,,
398,200,360,213,424,284,1,5,5,10,309,308,539,540,541,,,,,,3,3,2,3,3,,,,,,,,
399,20901,0,0,69,69,1,7,5,1,550,551,552,553,,,,,,,10,3,3,4,,,,,,,,,
400,20902,0,0,59,59,1,7,6,1,546,547,548,549,,,,,,,10,3,3,4,,,,,,,,,
401,20903,0,0,49,49,1,7,5,1,542,543,544,545,,,,,,,10,3,3,4,,,,,,,,,
402,201,0,0,29,39,0,0,5,1,,,,,,,,,,,,,,,,,,,,,,,
406,41,3,6,33,19,1,5,10,1,558,559,563,564,,,,,,,5,5,3,3,,,,,,,,,
407,41,3,6,17,34,1,5,10,10,558,559,563,564,,,,,,,5,5,3,3,,,,,,,,,
408,41,36,51,65,63,1,5,10,1,558,559,557,563,564,,,,,,25,25,3,5,5,,,,,,,,
409,41,51,36,65,63,1,5,10,10,558,559,563,564,,,,,,,5,5,3,3,,,,,,,,,
410,41,4,36,17,49,1,5,10,1,556,555,563,564,,,,,,,5,5,3,3,,,,,,,,,
411,41,20,51,33,63,1,5,10,1,556,555,563,564,,,,,,,5,5,3,3,,,,,,,,,
412,41,36,6,49,19,1,5,10,1,556,555,563,564,,,,,,,5,5,3,3,,,,,,,,,
413,41,51,21,65,34,1,5,10,1,556,555,563,564,,,,,,,5,5,3,3,,,,,,,,,
414,41,3,51,17,64,1,5,10,1,554,561,563,564,,,,,,,5,5,3,3,,,,,,,,,
415,41,52,7,64,18,1,5,10,1,554,561,563,564,,,,,,,5,5,3,3,,,,,,,,,
416,41,19,21,49,49,1,5,10,1,554,561,,,,,,,,,3,3,,,,,,,,,,,
417,42,3,6,33,19,1,5,10,1,558,559,563,564,,,,,,,5,5,3,3,,,,,,,,,
418,42,3,6,17,34,1,5,10,10,558,559,563,564,,,,,,,5,5,3,3,,,,,,,,,
419,42,36,51,65,63,1,5,10,1,558,559,563,564,,,,,,,5,5,3,3,,,,,,,,,
420,42,51,36,65,63,1,5,10,10,558,559,563,564,,,,,,,5,5,3,3,,,,,,,,,
421,42,4,36,17,49,1,5,10,1,556,555,563,564,,,,,,,5,5,3,3,,,,,,,,,
422,42,20,51,33,63,1,5,10,1,556,555,563,564,,,,,,,5,5,3,3,,,,,,,,,
423,42,36,6,49,19,1,5,10,1,556,555,563,564,,,,,,,5,5,3,3,,,,,,,,,
424,42,51,21,65,34,1,5,10,1,556,555,563,564,,,,,,,5,5,3,3,,,,,,,,,
425,42,3,51,17,64,1,5,10,1,554,561,563,564,,,,,,,5,5,3,3,,,,,,,,,
426,42,52,7,64,18,1,5,10,1,554,561,563,564,,,,,,,5,5,3,3,,,,,,,,,
427,42,19,21,49,49,1,5,10,1,554,561,,,,,,,,,3,3,,,,,,,,,,,
429,30600,0,0,29,29,0,0,5,1,,,,,,,,,,,,,,,,,,,,,,,
430,118,0,0,249,179,0,1,8,1,565,566,567,568,569,570,,,,,5,5,5,2,2,5,,,,,,,
431,119,0,0,199,199,0,1,8,1,565,566,567,568,569,570,606,,,,10,10,10,4,10,4,3,,,,,,
432,122,0,0,299,199,0,1,6,1,565,566,567,568,569,570,,,,,5,5,5,5,2,2,,,,,,,
433,120,0,0,29,29,0,0,5,1,,,,,,,,,,,,,,,,,,,,,,,
434,121,0,0,29,29,0,0,5,1,,,,,,,,,,,,,,,,,,,,,,,
435,21001,0,0,84,84,1,3,4,1,571,572,830,,,,,,,,3,3,2,,,,,,,,,,
436,21002,0,0,74,74,1,3,5,1,573,574,605,,,,,,,,3,3,2,,,,,,,,,,
437,21003,0,0,69,69,1,3,5,1,575,576,577,,,,,,,,3,3,2,,,,,,,,,,
438,21004,0,0,69,69,1,3,5,1,578,579,,,,,,,,,3,3,,,,,,,,,,,
439,21005,0,0,64,64,1,4,6,1,580,581,,,,,,,,,3,3,,,,,,,,,,,
440,21006,0,0,64,64,1,4,6,1,582,583,584,,,,,,,,3,3,2,,,,,,,,,,
441,21007,0,0,59,59,1,4,7,1,585,586,,,,,,,,,3,3,,,,,,,,,,,
442,21008,0,0,59,59,1,4,7,1,587,588,,,,,,,,,3,3,,,,,,,,,,,
443,21009,0,0,54,54,1,4,8,1,589,590,591,,,,,,,,3,3,2,,,,,,,,,,
444,21010,0,0,54,54,1,5,5,1,593,595,,,,,,,,,5,3,,,,,,,,,,,
445,21011,0,0,49,49,1,5,5,1,596,597,,,,,,,,,3,3,,,,,,,,,,,
446,21012,0,0,39,39,1,5,5,1,598,599,,,,,,,,,2,3,,,,,,,,,,,
447,21013,0,0,39,39,1,5,5,1,600,601,602,592,594,,,,,,30,30,30,2,2,,,,,,,,
448,21014,0,0,29,29,0,0,5,1,,,,,,,,,,,,,,,,,,,,,,,
449,21015,0,0,19,19,0,0,5,1,,,,,,,,,,,,,,,,,,,,,,,
450,21016,0,0,39,39,1,5,5,1,598,599,,,,,,,,,3,3,,,,,,,,,,,
451,777,0,0,49,49,0,0,5,1,,,,,,,,,,,,,,,,,,,,,,,
452,3413,0,0,29,29,0,0,5,1,,,,,,,,,,,,,,,,,,,,,,,
453,125,16,1,49,29,0,1,1,1,607,,,,,,,,,,3,,,,,,,,,,,,
454,125,16,1,37,24,1,5,5,10,608,,,,,,,,,,3,,,,,,,,,,,,
455,125,22,5,32,20,1,10,10,20,608,,,,,,,,,,3,,,,,,,,,,,,
456,30501,0,0,39,39,1,3,3,1,609,611,613,,,,,,,,10,5,3,,,,,,,,,,
457,30502,0,0,49,49,1,3,6,1,609,611,613,615,,,,,,,5,5,3,3,,,,,,,,,
458,30503,0,0,49,49,1,3,6,1,609,611,613,615,,,,,,,5,5,3,3,,,,,,,,,
459,30504,0,0,29,29,1,3,4,1,609,611,613,,,,,,,,8,5,3,,,,,,,,,,
460,30505,0,0,49,49,1,3,5,1,609,611,613,,,,,,,,8,5,3,,,,,,,,,,
461,30506,0,0,49,49,1,3,4,1,609,611,613,,,,,,,,10,5,3,,,,,,,,,,
462,30507,0,0,49,49,1,3,6,1,609,611,613,615,,,,,,,4,4,3,3,,,,,,,,,
463,30508,0,0,49,49,1,3,10,1,610,612,614,616,821,1449,,,,,4,4,3,3,8,20,,,,,,,
464,30509,0,0,99,49,1,3,7,1,609,611,613,615,,,,,,,4,4,3,3,,,,,,,,,
465,30510,0,0,49,49,1,3,10,1,610,612,614,616,1449,,,,,,3,3,3,3,10,,,,,,,,
466,30511,0,0,49,49,1,3,10,1,610,612,614,616,1449,,,,,,3,3,3,3,10,,,,,,,,
467,30401,0,0,49,49,1,5,5,1,617,620,623,,,,,,,,3,3,3,,,,,,,,,,
468,30402,0,0,49,49,1,5,5,1,618,621,624,,,,,,,,3,3,3,,,,,,,,,,
469,30403,0,0,49,49,1,5,5,1,619,622,625,,,,,,,,3,3,3,,,,,,,,,,
470,300,279,56,424,148,1,3,5,50,626,628,,,,,,,,,3,3,,,,,,,,,,,
471,300,257,148,318,270,1,3,5,50,626,628,,,,,,,,,3,3,,,,,,,,,,,
472,300,257,56,279,108,1,3,5,50,626,628,,,,,,,,,3,3,,,,,,,,,,,
473,300,228,58,262,80,1,3,5,50,626,628,627,,,,,,,,50,50,3,,,,,,,,,,
474,300,318,148,322,215,1,3,5,50,626,628,,,,,,,,,3,3,,,,,,,,,,,
475,300,322,148,327,200,1,3,5,50,626,628,,,,,,,,,3,3,,,,,,,,,,,
476,300,327,148,332,187,1,3,5,50,626,628,,,,,,,,,3,3,,,,,,,,,,,
477,300,332,148,341,173,1,3,5,50,626,628,,,,,,,,,3,3,,,,,,,,,,,
478,300,341,178,356,164,1,3,5,50,626,628,,,,,,,,,3,3,,,,,,,,,,,
479,300,356,148,374,154,1,3,5,50,626,628,,,,,,,,,3,3,,,,,,,,,,,
480,30001,0,0,49,49,1,3,4,1,629,630,631,832,,,,,,,4,3,3,3,,,,,,,,,
481,30002,0,0,29,49,1,3,5,1,632,633,634,,,,,,,,3,4,3,,,,,,,,,,
482,30003,0,0,29,69,1,3,6,1,635,636,637,638,,,,,,,3,3,3,3,,,,,,,,,
483,30004,0,0,59,19,1,3,7,1,639,640,641,,,,,,,,4,3,3,,,,,,,,,,
484,30005,0,0,59,59,1,3,8,1,642,643,644,,,,,,,,3,4,3,,,,,,,,,,
485,30006,0,0,39,39,1,3,9,1,645,646,647,648,,,,,,,3,3,3,3,,,,,,,,,
486,30007,0,0,19,19,1,3,10,1,650,651,652,,,,,,,,3,3,3,,,,,,,,,,
487,30008,0,0,99,99,1,3,10,1,654,655,656,657,,,,,,,3,3,3,3,,,,,,,,,
488,30009,0,0,49,29,1,3,10,1,650,651,652,,,,,,,,3,3,3,,,,,,,,,,
489,30010,0,0,29,49,1,3,9,1,645,646,647,648,649,,,,,,25,25,25,25,3,,,,,,,,
490,30011,0,0,59,39,1,3,8,1,642,643,644,,,,,,,,3,4,3,,,,,,,,,,
491,30012,0,0,39,59,1,3,7,1,639,640,641,,,,,,,,4,3,3,,,,,,,,,,
492,30013,0,0,19,69,1,3,6,1,635,636,637,638,,,,,,,3,3,3,3,,,,,,,,,
493,30014,0,0,69,19,1,3,5,1,632,633,634,,,,,,,,3,4,3,,,,,,,,,,
494,30015,0,0,79,99,1,3,4,1,629,630,631,,,,,,,,4,3,3,,,,,,,,,,
495,30016,0,0,49,99,0,0,5,1,,,,,,,,,,,,,,,,,,,,,,,
496,20302,0,0,99,99,1,3,6,1,658,659,673,660,661,1431,,,,,10,10,10,5,5,30,,,,,,,
497,20303,0,0,99,99,1,3,8,1,663,664,665,666,674,805,,,,,5,5,10,10,10,40,,,,,,,
498,20304,0,0,99,99,1,3,10,1,667,668,669,670,675,,,,,,3,3,3,3,2,,,,,,,,
499,20305,0,0,99,99,1,3,10,1,667,668,669,670,675,,,,,,5,3,3,2,2,,,,,,,,
500,20306,0,0,99,99,1,3,10,1,667,668,669,670,675,805,,,,,2,5,3,3,2,10,,,,,,,
501,20307,0,0,99,99,1,3,10,1,667,668,669,670,675,671,,,,,10,10,50,10,20,3,,,,,,,
502,20308,0,0,99,99,1,3,10,1,667,668,669,670,675,672,,,,,10,10,10,50,20,6,,,,,,,
503,20309,0,0,119,139,0,0,5,1,,,,,,,,,,,,,,,,,,,,,,,
504,11201,0,0,79,79,1,3,4,1,676,678,833,,,,,,,,3,3,3,,,,,,,,,,
505,11202,0,0,79,79,1,3,5,1,676,678,680,,,,,,,,3,3,3,,,,,,,,,,
506,11203,0,0,69,69,1,3,5,1,677,679,681,,,,,,,,3,3,3,,,,,,,,,,
507,11204,0,0,69,69,1,3,6,1,682,685,,,,,,,,,3,3,,,,,,,,,,,
508,11205,0,0,69,69,1,3,6,1,683,686,,,,,,,,,3,3,,,,,,,,,,,
509,11206,0,0,59,59,1,3,6,1,683,686,688,,,,,,,,3,3,3,,,,,,,,,,
510,11207,0,0,59,59,1,3,7,1,684,687,689,,,,,,,,3,3,3,,,,,,,,,,
511,11208,0,0,59,59,1,3,7,1,690,693,696,,,,,,,,3,3,3,,,,,,,,,,
512,11209,0,0,59,59,1,3,8,1,690,693,696,699,,,,,,,3,3,3,3,,,,,,,,,
513,11210,0,0,49,49,1,3,8,1,691,694,697,,,,,,,,3,3,3,,,,,,,,,,
514,11211,0,0,49,49,1,3,9,1,691,694,697,700,,,,,,,3,3,3,3,,,,,,,,,
515,11212,0,0,49,49,1,3,9,1,692,695,698,701,,,,,,,3,3,3,3,,,,,,,,,
516,11213,0,0,49,49,1,3,10,1,702,704,706,,,,,,,,3,3,3,,,,,,,,,,
517,11214,0,0,49,49,1,3,10,1,703,705,707,,,,,,,,3,3,3,,,,,,,,,,
518,11215,0,0,19,19,0,0,5,1,,,,,,,,,,,,,,,,,,,,,,,
519,777,0,0,39,29,0,0,5,1,,,,,,,,,,,,,,,,,,,,,,,
520,777,0,0,39,29,0,0,5,1,,,,,,,,,,,,,,,,,,,,,,,
521,777,0,0,39,29,0,0,5,1,,,,,,,,,,,,,,,,,,,,,,,
522,777,0,0,29,39,0,0,5,1,,,,,,,,,,,,,,,,,,,,,,,
523,777,0,0,29,49,0,0,5,1,,,,,,,,,,,,,,,,,,,,,,,
524,800,0,0,49,49,1,2,3,1,708,,,,,,,,,,1,,,,,,,,,,,,
525,801,0,0,49,49,1,2,3,1,708,,,,,,,,,,1,,,,,,,,,,,,
526,802,0,0,49,49,1,2,3,1,708,,,,,,,,,,1,,,,,,,,,,,,
527,803,0,0,49,49,1,2,3,1,708,,,,,,,,,,1,,,,,,,,,,,,
528,804,0,0,49,49,1,2,3,1,708,,,,,,,,,,1,,,,,,,,,,,,
529,805,0,0,49,49,1,2,3,1,708,,,,,,,,,,1,,,,,,,,,,,,
530,806,0,0,49,49,1,2,3,1,708,,,,,,,,,,1,,,,,,,,,,,,
531,807,0,0,49,49,1,2,3,1,708,,,,,,,,,,1,,,,,,,,,,,,
532,808,0,0,49,49,1,2,3,1,708,,,,,,,,,,1,,,,,,,,,,,,
533,809,0,0,49,49,1,2,3,1,708,,,,,,,,,,1,,,,,,,,,,,,
534,820,0,0,49,49,1,2,4,1,709,,,,,,,,,,1,,,,,,,,,,,,
535,821,0,0,49,49,1,2,4,1,709,,,,,,,,,,1,,,,,,,,,,,,
536,822,0,0,49,49,1,2,4,1,709,,,,,,,,,,1,,,,,,,,,,,,
537,823,0,0,49,49,1,2,4,1,709,,,,,,,,,,1,,,,,,,,,,,,
538,824,0,0,49,49,1,2,4,1,709,,,,,,,,,,1,,,,,,,,,,,,
539,825,0,0,49,49,1,2,4,1,709,,,,,,,,,,1,,,,,,,,,,,,
540,826,0,0,49,49,1,2,4,1,709,,,,,,,,,,1,,,,,,,,,,,,
541,827,0,0,49,49,1,2,4,1,709,,,,,,,,,,1,,,,,,,,,,,,
542,828,0,0,49,49,1,2,4,1,709,,,,,,,,,,1,,,,,,,,,,,,
543,829,0,0,49,49,1,2,4,1,709,,,,,,,,,,1,,,,,,,,,,,,
544,840,0,0,49,49,1,2,5,1,710,,,,,,,,,,1,,,,,,,,,,,,
545,841,0,0,49,49,1,2,5,1,710,,,,,,,,,,1,,,,,,,,,,,,
546,842,0,0,49,49,1,2,5,1,710,,,,,,,,,,1,,,,,,,,,,,,
547,843,0,0,49,49,1,2,5,1,710,,,,,,,,,,1,,,,,,,,,,,,
548,844,0,0,49,49,1,2,5,1,710,,,,,,,,,,1,,,,,,,,,,,,
549,845,0,0,49,49,1,2,5,1,710,,,,,,,,,,1,,,,,,,,,,,,
550,846,0,0,49,49,1,2,5,1,710,,,,,,,,,,1,,,,,,,,,,,,
551,847,0,0,49,49,1,2,5,1,710,,,,,,,,,,1,,,,,,,,,,,,
552,848,0,0,49,49,1,2,5,1,710,,,,,,,,,,1,,,,,,,,,,,,
553,849,0,0,49,49,1,2,5,1,710,,,,,,,,,,1,,,,,,,,,,,,
554,811,0,0,49,49,0,0,5,1,,,,,,,,,,,,,,,,,,,,,,,
555,831,0,0,49,49,0,0,5,1,,,,,,,,,,,,,,,,,,,,,,,
556,851,0,0,49,49,0,0,5,1,,,,,,,,,,,,,,,,,,,,,,,
557,810,0,0,49,49,0,0,5,1,,,,,,,,,,,,,,,,,,,,,,,
558,777,0,0,49,49,0,0,5,1,,,,,,,,,,,,,,,,,,,,,,,
559,777,0,0,49,49,0,0,5,1,,,,,,,,,,,,,,,,,,,,,,,
564,300,303,218,331,251,1,3,5,100,626,628,,,,,,,,,3,3,,,,,,,,,,,
565,30301,0,0,49,49,1,5,5,1,715,,,,,,,,,,1,,,,,,,,,,,,
566,30302,0,0,49,49,1,5,5,1,716,,,,,,,,,,1,,,,,,,,,,,,
567,30303,0,0,49,49,1,5,5,1,715,,,,,,,,,,1,,,,,,,,,,,,
568,30304,0,0,49,49,1,5,5,1,716,,,,,,,,,,1,,,,,,,,,,,,
569,30305,0,0,69,69,1,5,5,1,717,1435,1437,,,,,,,,1,8,8,,,,,,,,,,
570,30305,3,24,63,61,1,5,5,10,717,718,1435,1437,,,,,,,3,3,8,8,,,,,,,,,
571,30306,0,0,49,49,1,5,5,1,716,,,,,,,,,,1,,,,,,,,,,,,
572,30307,0,0,49,49,1,5,5,1,715,,,,,,,,,,1,,,,,,,,,,,,
573,21201,0,0,119,119,1,3,10,1,719,831,,,,,,,,,3,1,,,,,,,,,,,
574,21202,0,0,119,119,1,3,10,1,719,720,,,,,,,,,3,3,,,,,,,,,,,
575,21203,0,0,119,119,1,3,10,1,720,,,,,,,,,,1,,,,,,,,,,,,
576,21204,0,0,59,59,1,3,10,1,720,721,,,,,,,,,3,3,,,,,,,,,,,
577,21205,0,0,59,59,1,3,10,1,721,,,,,,,,,,1,,,,,,,,,,,,
578,21206,0,0,59,59,1,3,10,1,722,,,,,,,,,,1,,,,,,,,,,,,
579,21207,0,0,59,59,1,3,10,1,722,723,,,,,,,,,3,3,,,,,,,,,,,
580,21208,0,0,59,59,1,3,10,1,723,,,,,,,,,,1,,,,,,,,,,,,
581,21209,0,0,59,59,1,3,10,1,723,724,,,,,,,,,3,3,,,,,,,,,,,
582,21210,0,0,59,59,1,3,10,1,724,,,,,,,,,,1,,,,,,,,,,,,
583,21211,0,0,59,59,1,3,10,1,725,,,,,,,,,,1,,,,,,,,,,,,
584,21212,0,0,59,59,1,3,10,1,725,726,,,,,,,,,3,3,,,,,,,,,,,
585,21213,0,0,59,59,1,3,10,1,726,,,,,,,,,,1,,,,,,,,,,,,
586,21214,0,0,59,59,1,3,10,1,726,727,,,,,,,,,3,3,,,,,,,,,,,
587,21215,0,0,49,99,0,0,10,1,,,,,,,,,,,,,,,,,,,,,,,
588,21301,0,0,39,39,1,3,10,1,719,,,,,,,,,,1,,,,,,,,,,,,
589,21302,0,0,39,39,1,3,10,1,720,,,,,,,,,,1,,,,,,,,,,,,
590,21303,0,0,39,39,1,3,10,1,721,,,,,,,,,,1,,,,,,,,,,,,
591,21304,0,0,39,39,1,3,10,1,722,,,,,,,,,,1,,,,,,,,,,,,
592,21305,0,0,39,39,1,3,10,1,723,,,,,,,,,,1,,,,,,,,,,,,
593,21306,0,0,39,39,1,3,10,1,724,,,,,,,,,,1,,,,,,,,,,,,
594,21307,0,0,39,39,1,3,10,1,725,,,,,,,,,,1,,,,,,,,,,,,
595,21308,0,0,39,39,1,3,10,1,726,727,728,,,,,,,,50,50,1,,,,,,,,,,
596,21309,0,0,59,59,1,3,10,1,725,,,,,,,,,,1,,,,,,,,,,,,
597,21310,0,0,59,59,1,3,10,1,724,,,,,,,,,,1,,,,,,,,,,,,
598,21311,0,0,59,59,1,3,10,1,723,,,,,,,,,,1,,,,,,,,,,,,
599,21312,0,0,59,59,1,3,10,1,722,,,,,,,,,,1,,,,,,,,,,,,
600,21313,0,0,59,59,1,3,10,1,721,,,,,,,,,,1,,,,,,,,,,,,
601,21314,0,0,59,59,1,3,10,1,720,,,,,,,,,,1,,,,,,,,,,,,
602,21315,0,0,59,59,1,3,10,1,719,,,,,,,,,,1,,,,,,,,,,,,
603,31302,0,0,59,59,1,7,10,1,467,468,469,470,471,,,,,,5,20,5,20,10,,,,,,,,
604,30701,0,0,59,59,1,3,5,1,729,1470,,,,,,,,,50,1,,,,,,,,,,,
605,30702,0,0,59,59,1,3,5,1,730,731,,,,,,,,,100,1,,,,,,,,,,,
606,30703,0,0,59,59,1,3,5,1,729,,,,,,,,,,1,,,,,,,,,,,,
607,300,55,197,190,267,1,3,5,100,732,1236,1458,,,,,,,,3,3,5,,,,,,,,,,
608,300,55,267,158,386,1,3,5,100,732,1236,1458,,,,,,,,3,3,5,,,,,,,,,,
609,300,158,267,186,315,1,3,5,100,732,1236,1458,,,,,,,,3,3,5,,,,,,,,,,
610,300,158,315,169,328,1,3,5,100,732,1236,1458,,,,,,,,3,3,5,,,,,,,,,,
611,32001,0,0,59,59,1,3,10,1,733,734,735,737,,,,,,,3,3,1,3,,,,,,,,,
612,32002,0,0,59,59,1,3,10,1,733,734,735,737,,,,,,,3,3,3,1,,,,,,,,,
613,32003,0,0,59,59,1,3,10,1,733,734,735,737,,,,,,,1,3,3,3,,,,,,,,,
614,32004,0,0,59,59,1,3,10,1,733,734,735,737,754,,,,,,3,3,3,1,5,,,,,,,,
615,32005,0,0,59,59,1,3,10,1,733,734,735,736,737,,,,,,25,25,25,1,25,,,,,,,,
616,32006,0,0,59,59,1,3,10,1,739,740,741,742,754,,,,,,1,3,3,3,5,,,,,,,,
617,32007,0,0,59,59,1,3,10,1,739,740,741,742,,,,,,,3,3,3,1,,,,,,,,,
618,32008,0,0,59,59,1,3,10,1,739,740,741,742,754,,,,,,3,3,3,1,5,,,,,,,,
619,32009,0,0,59,59,1,3,10,1,739,740,741,742,738,,,,,,25,25,25,25,1,,,,,,,,
620,32010,0,0,99,99,1,3,10,1,739,740,741,742,,,,,,,1,1,1,3,,,,,,,,,
621,32011,0,0,59,59,1,3,10,1,744,745,746,747,743,,,,,,25,25,25,25,1,,,,,,,,
622,32012,0,0,59,59,1,3,10,1,744,745,746,747,754,,,,,,3,1,1,1,5,,,,,,,,
623,32013,0,0,59,59,1,3,10,1,744,745,746,747,,,,,,,1,3,3,3,,,,,,,,,
624,32014,0,0,59,59,1,3,10,1,744,745,746,747,,,,,,,3,3,3,1,,,,,,,,,
625,32015,0,0,59,59,1,3,10,1,744,745,746,747,,,,,,,3,3,1,3,,,,,,,,,
626,32016,0,0,59,59,1,3,10,1,748,750,752,753,1478,,,,,,20,20,20,20,50,,,,,,,,
627,32017,0,0,59,59,1,3,10,1,748,750,752,753,,,,,,,3,3,3,1,,,,,,,,,
628,32018,0,0,59,59,1,3,10,1,748,750,752,753,751,,,,,,20,20,40,20,1,,,,,,,,
629,32019,0,0,59,59,1,3,10,1,748,750,752,753,749,,,,,,20,40,20,20,1,,,,,,,,
630,32020,0,0,99,99,1,3,10,1,748,750,752,753,,,,,,,10,10,10,10,,,,,,,,,
631,32021,0,0,59,59,0,0,5,1,,,,,,,,,,,,,,,,,,,,,,,
632,32020,8,0,28,6,0,0,5,10,,,,,,,,,,,,,,,,,,,,,,,
633,11300,0,0,49,49,1,3,5,1,756,757,,,,,,,,,20,10,,,,,,,,,,,
634,11301,0,0,49,49,1,3,5,1,756,757,759,,,,,,,,20,15,1,,,,,,,,,,
635,11302,0,0,49,49,1,3,5,1,756,757,758,759,,,,,,,15,20,20,10,,,,,,,,,
636,11303,0,0,49,49,1,3,5,1,756,757,758,759,,,,,,,20,20,20,20,,,,,,,,,
637,11304,0,0,49,49,1,5,10,1,776,759,757,758,756,,,,,,4,10,10,10,10,,,,,,,,
638,500,270,192,241,460,1,6,5,5,761,768,769,,,,,,,,2,15,15,,,,,,,,,,
639,500,1,1,800,800,1,6,5,1,762,764,770,771,774,788,789,,,,2,10,15,15,15,40,15,,,,,,
640,5501,1,1,60,60,1,5,10,1,765,763,772,773,789,,,,,,15,2,15,15,20,,,,,,,,
642,5502,1,1,59,59,1,3,10,1,765,763,772,773,789,,,,,,15,2,15,15,20,,,,,,,,
643,5503,1,1,60,100,1,3,10,1,765,763,766,772,773,789,,,,,15,2,20,15,15,25,,,,,,,
644,5504,1,1,20,200,1,5,10,1,765,763,766,772,773,789,,,,,15,2,20,15,15,25,,,,,,,
645,5505,1,1,60,100,1,5,10,1,765,763,766,772,773,789,,,,,15,2,20,15,15,25,,,,,,,
646,5505,1,1,59,99,1,3,10,1,761,762,766,789,,,,,,,10,2,10,15,,,,,,,,,
647,5506,1,1,60,60,1,3,10,1,763,762,766,789,,,,,,,3,3,3,10,,,,,,,,,
648,5507,1,1,100,100,1,3,10,1,767,763,788,,,,,,,,5,3,10,,,,,,,,,,
649,5508,1,1,60,60,1,3,10,1,762,763,,,,,,,,,3,3,,,,,,,,,,,
650,5509,1,1,49,49,0,0,10,1,,,,,,,,,,,,,,,,,,,,,,,
651,5510,1,1,59,59,1,5,10,1,773,772,767,766,765,774,789,,,,3,3,5,3,3,3,10,,,,,,
652,500,614,409,481,621,1,3,10,10,764,771,770,774,767,775,789,,,,10,10,10,10,10,2,15,,,,,,
654,5540,462,287,252,620,1,4,10,5,782,784,,,,,,,,,1,1,,,,,,,,,,,
655,11305,1,1,59,50,1,5,10,1,776,757,758,756,,,,,,,7,10,10,10,,,,,,,,,
656,5500,1,1,50,30,0,0,5,1,,,,,,,,,,,,,,,,,,,,,,,
657,5511,1,1,30,30,0,0,5,1,,,,,,,,,,,,,,,,,,,,,,,
658,5507,47,20,41,27,1,5,10,2,777,762,765,767,773,789,1500,,,,5,5,5,5,10,20,20,,,,,,
659,500,233,299,197,341,1,4,10,70,779,780,781,,,,,,,,5,600,5,,,,,,,,,,
660,500,222,307,188,350,1,4,10,60,779,780,781,,,,,,,,5,600,5,,,,,,,,,,
661,500,191,281,125,343,1,4,10,50,779,780,781,,,,,,,,5,600,5,,,,,,,,,,
662,500,0,0,60,60,0,0,5,1,,,,,,,,,,,,,,,,,,,,,,,
663,5540,1,1,799,799,1,4,10,1,783,778,,,,,,,,,10,10,,,,,,,,,,,
664,5540,233,299,197,341,1,4,10,70,787,786,,,,,,,,,5,5,,,,,,,,,,,
665,5540,222,307,188,350,1,4,10,60,787,786,,,,,,,,,5,5,,,,,,,,,,,
666,5540,191,281,125,343,1,4,10,50,787,786,,,,,,,,,5,5,,,,,,,,,,,
667,5541,0,0,40,40,0,0,5,1,,,,,,,,,,,,,,,,,,,,,,,
668,5542,0,0,40,40,0,0,5,1,,,,,,,,,,,,,,,,,,,,,,,
669,5543,0,0,40,40,0,0,5,1,,,,,,,,,,,,,,,,,,,,,,,
670,5532,0,0,40,40,0,0,5,1,,,,,,,,,,,,,,,,,,,,,,,
671,5533,0,0,40,40,0,0,5,1,,,,,,,,,,,,,,,,,,,,,,,
672,5536,0,0,40,40,0,0,5,1,,,,,,,,,,,,,,,,,,,,,,,
673,30601,0,0,100,100,1,3,5,1,828,829,,,,,,,,,10,3,,,,,,,,,,,
674,30602,0,0,100,100,1,3,5,1,828,829,,,,,,,,,10,3,,,,,,,,,,,
675,30603,0,0,100,100,1,3,5,1,828,829,,,,,,,,,10,3,,,,,,,,,,,
676,30604,0,0,100,100,1,3,5,1,828,829,,,,,,,,,10,3,,,,,,,,,,,
677,30606,0,0,100,100,1,3,5,1,828,829,,,,,,,,,10,3,,,,,,,,,,,
678,30611,1,1,50,50,1,3,10,1,834,838,842,,,,,,,,2,2,3,,,,,,,,,,
679,30612,1,1,50,50,1,3,10,1,835,839,843,,,,,,,,2,2,3,,,,,,,,,,
680,30613,1,1,50,50,1,3,10,1,836,840,844,,,,,,,,2,2,3,,,,,,,,,,
681,30614,1,1,50,50,1,3,10,1,837,841,845,,,,,,,,2,2,3,,,,,,,,,,
682,30615,1,1,50,50,1,3,10,1,834,,,,,,,,,,10,,,,,,,,,,,,
683,30616,1,1,50,50,1,3,10,1,835,,,,,,,,,,10,,,,,,,,,,,,
684,30617,1,1,50,50,1,3,10,1,836,,,,,,,,,,10,,,,,,,,,,,,
685,30618,1,1,50,50,1,3,10,1,837,,,,,,,,,,10,,,,,,,,,,,,
686,30621,1,1,50,50,1,3,10,1,834,,,,,,,,,,10,,,,,,,,,,,,
687,30622,1,1,50,50,1,3,10,1,835,,,,,,,,,,10,,,,,,,,,,,,
688,30623,1,1,50,50,1,3,10,1,836,,,,,,,,,,10,,,,,,,,,,,,
689,30624,1,1,50,50,1,3,10,1,837,,,,,,,,,,10,,,,,,,,,,,,
690,30625,1,1,50,50,1,3,10,1,834,,,,,,,,,,10,,,,,,,,,,,,
691,30626,1,1,50,50,1,3,10,1,835,,,,,,,,,,10,,,,,,,,,,,,
692,30627,1,1,50,50,1,3,10,1,836,,,,,,,,,,10,,,,,,,,,,,,
693,30628,1,1,50,50,1,3,10,1,837,,,,,,,,,,10,,,,,,,,,,,,
694,30691,1,1,100,100,1,3,10,1,846,,,,,,,,,,10,,,,,,,,,,,,
695,30692,1,1,80,80,1,3,10,1,847,,,,,,,,,,10,,,,,,,,,,,,
696,30693,1,1,80,80,1,3,10,1,848,,,,,,,,,,10,,,,,,,,,,,,
697,30694,1,1,90,90,1,3,10,1,849,,,,,,,,,,10,,,,,,,,,,,,
698,5570,1,1,60,60,1,3,5,1,851,,,,,,,,,,10,,,,,,,,,,,,
699,5571,1,1,60,60,1,3,5,1,851,,,,,,,,,,10,,,,,,,,,,,,
700,5572,1,1,60,100,1,3,5,1,851,,,,,,,,,,10,,,,,,,,,,,,
701,5573,1,1,20,200,1,3,5,1,851,,,,,,,,,,10,,,,,,,,,,,,
702,5574,1,1,60,100,1,3,5,1,851,852,,,,,,,,,10,10,,,,,,,,,,,
703,5575,1,1,60,60,1,3,5,1,853,,,,,,,,,,10,,,,,,,,,,,,
704,5576,1,1,100,100,1,3,5,1,853,,,,,,,,,,10,,,,,,,,,,,,
705,5580,1,1,100,100,1,3,5,1,853,,,,,,,,,,10,,,,,,,,,,,,
706,700,1,1,400,400,1,3,5,1,854,855,856,857,858,,,,,,10,10,10,10,10,,,,,,,,
707,700,300,72,300,89,1,3,5,5,859,854,,,,,,,,,2,20,,,,,,,,,,,
708,700,80,200,75,220,1,3,5,6,860,855,856,857,,,,,,,2,5,5,5,,,,,,,,,
709,700,130,65,130,80,1,3,5,7,861,858,1056,,,,,,,,5,30,2,,,,,,,,,,
710,701,381,1,399,399,1,3,5,5,858,855,856,857,854,,,,,,10,10,10,10,10,,,,,,,,
711,701,1,1,399,399,1,3,10,1,867,868,869,,,,,,,,10,10,10,,,,,,,,,,
712,701,290,184,325,215,1,3,10,2,867,868,869,870,,,,,,,10,10,10,2,,,,,,,,,
713,701,270,200,310,235,1,3,10,3,867,868,869,871,,,,,,,10,10,10,2,,,,,,,,,
714,701,80,1,334,35,1,3,5,5,862,863,864,,,,,,,,10,10,10,,,,,,,,,,
715,701,80,35,310,55,1,3,5,5,862,863,864,,,,,,,,10,10,10,,,,,,,,,,
716,701,80,55,306,61,1,3,5,5,862,863,864,,,,,,,,10,10,10,,,,,,,,,,
717,701,80,61,290,75,1,3,5,5,862,863,864,,,,,,,,10,10,10,,,,,,,,,,
718,701,80,75,286,83,1,3,5,5,862,863,864,,,,,,,,10,10,10,,,,,,,,,,
719,701,80,83,280,89,1,3,5,5,862,863,864,,,,,,,,10,10,10,,,,,,,,,,
720,701,80,89,272,93,1,3,5,5,862,863,864,,,,,,,,10,10,10,,,,,,,,,,
721,701,80,93,264,99,1,3,5,5,862,863,864,,,,,,,,10,10,10,,,,,,,,,,
722,701,80,99,254,104,1,3,5,5,862,863,864,,,,,,,,10,10,10,,,,,,,,,,
723,701,80,104,250,111,1,3,5,5,862,863,864,,,,,,,,10,10,10,,,,,,,,,,
724,701,80,111,237,118,1,3,5,5,862,863,864,,,,,,,,10,10,10,,,,,,,,,,
725,701,80,118,223,128,1,3,5,5,862,863,864,,,,,,,,10,10,10,,,,,,,,,,
726,701,80,128,217,130,1,3,5,5,862,863,864,,,,,,,,10,10,10,,,,,,,,,,
727,701,80,130,204,138,1,3,5,5,862,863,864,,,,,,,,10,10,10,,,,,,,,,,
728,701,80,138,196,145,1,3,5,5,862,863,864,866,,,,,,,10,10,10,2,,,,,,,,,
729,701,91,18,97,24,1,3,5,6,862,863,864,865,,,,,,,10,10,10,2,,,,,,,,,
730,702,106,22,385,285,1,3,5,1,872,873,874,877,,,,,,,10,10,10,10,,,,,,,,,
731,702,385,42,399,98,1,3,10,5,879,878,880,,,,,,,,10,10,10,,,,,,,,,,
732,702,382,229,399,287,1,3,10,5,884,883,885,,,,,,,,10,10,10,,,,,,,,,,
733,702,141,46,142,55,1,3,5,10,872,873,874,877,875,,,,,,10,10,10,10,2,,,,,,,,
734,702,306,49,309,57,1,3,5,10,872,873,874,877,876,,,,,,10,10,10,10,2,,,,,,,,
735,703,1,1,399,399,1,3,10,1,888,889,890,891,,,,,,,10,10,10,10,5,,,,,,,,
736,703,1,1,399,101,1,3,5,5,854,855,856,857,858,,,,,,10,10,10,10,10,,,,,,,,
737,703,1,54,221,149,1,3,10,10,879,878,880,,,,,,,,10,10,10,,,,,,,,,,
738,703,34,91,45,104,1,3,10,20,879,878,880,882,,,,,,,10,10,10,2,,,,,,,,,
739,703,30,70,38,75,1,3,10,20,879,878,880,881,,,,,,,10,10,10,2,,,,,,,,,
740,703,1,54,221,335,1,3,10,10,883,884,885,,,,,,,,10,10,10,,,,,,,,,,
741,703,14,213,18,218,1,3,10,15,883,884,885,887,,,,,,,10,10,10,2,,,,,,,,,
742,703,155,178,163,193,1,3,10,15,883,884,885,886,,,,,,,10,10,10,2,,,,,,,,,
743,704,1,1,399,399,1,3,5,1,895,900,901,,,,,,,,10,10,10,,,,,,,,,,
744,704,244,272,248,277,1,3,5,1,895,896,,,,,,,,,50,2,,,,,,,,,,,
745,704,45,255,80,320,1,3,5,10,895,900,901,,,,,,,,10,10,10,,,,,,,,,,
746,704,94,331,246,379,1,3,5,5,872,873,874,877,,,,,,,10,10,10,10,,,,,,,,,
747,704,67,340,95,370,0,0,5,5,872,873,874,877,,,,,,,10,10,10,10,,,,,,,,,
748,704,180,324,220,356,0,0,5,5,872,873,874,877,,,,,,,10,10,10,10,,,,,,,,,
749,704,246,345,285,380,0,0,5,5,872,873,874,877,,,,,,,10,10,10,10,,,,,,,,,
750,704,284,337,300,360,0,0,5,5,872,873,874,877,,,,,,,10,10,10,10,,,,,,,,,
751,704,287,326,311,380,0,0,5,5,872,873,874,877,,,,,,,10,10,10,10,,,,,,,,,
752,704,295,322,320,380,0,0,5,5,872,873,874,877,,,,,,,10,10,10,10,,,,,,,,,
753,704,14,267,55,348,1,3,5,5,872,873,874,877,,,,,,,10,10,10,10,,,,,,,,,
754,704,311,290,334,348,1,3,5,5,872,873,874,877,,,,,,,10,10,10,10,,,,,,,,,
755,704,346,173,384,333,1,3,5,5,872,873,874,877,,,,,,,10,10,10,10,,,,,,,,,
756,704,367,128,396,209,1,3,5,5,872,873,874,877,,,,,,,10,10,10,10,,,,,,,,,
757,704,160,350,165,355,1,3,5,10,872,873,874,877,892,,,,,,10,10,10,10,2,,,,,,,,
758,705,1,1,399,399,1,3,10,1,893,902,903,,,,,,,,10,10,10,,,,,,,,,,
759,705,134,221,140,226,1,3,10,10,893,894,902,903,,,,,,,20,2,10,10,,,,,,,,,
760,705,34,8,307,157,1,3,10,10,897,898,899,,,,,,,,10,10,10,,,,,,,,,,
761,705,1,1,45,399,1,3,10,5,854,855,856,857,858,,,,,,10,10,10,10,10,,,,,,,,
762,705,95,315,356,398,1,3,5,10,895,900,901,,,,,,,,10,10,10,,,,,,,,,,
763,706,1,1,399,399,1,3,10,1,897,898,899,904,905,,,,,,10,10,10,10,10,,,,,,,,
764,706,69,268,72,273,1,3,10,10,897,898,899,904,905,909,,,,,10,10,10,10,10,2,,,,,,,
765,706,101,289,103,293,1,3,10,10,897,898,899,904,905,910,,,,,10,10,10,10,10,2,,,,,,,
766,706,121,312,125,316,1,3,10,10,897,898,899,904,905,908,,,,,10,10,10,10,10,2,,,,,,,
767,707,95,185,104,191,1,3,10,10,897,898,899,904,911,907,,,,,10,10,10,10,10,2,,,,,,,
768,707,335,129,341,133,1,3,10,10,897,898,899,904,911,912,,,,,10,10,10,10,10,2,,,,,,,
769,707,1,1,399,399,1,3,10,1,897,898,899,904,911,,,,,,10,10,10,10,10,,,,,,,,
770,707,1,318,399,399,1,3,10,10,854,855,856,857,858,,,,,,10,10,10,10,10,,,,,,,,
771,708,1,1,399,399,1,3,10,1,913,914,915,916,,,,,,,10,10,10,10,,,,,,,,,
772,708,101,91,108,97,1,3,10,15,913,914,915,916,917,,,,,,10,10,10,10,2,,,,,,,,
773,708,205,144,212,148,1,3,10,15,913,914,915,916,918,,,,,,10,10,10,10,2,,,,,,,,
774,708,334,213,340,220,1,3,10,15,913,914,915,916,919,,,,,,10,10,10,10,2,,,,,,,,
775,708,245,317,251,324,1,3,10,15,913,914,915,916,920,,,,,,10,10,10,10,2,,,,,,,,
776,708,370,350,399,399,1,3,10,10,854,855,856,857,858,,,,,,10,10,10,10,10,,,,,,,,
777,7000,119,57,132,82,1,3,5,1,921,922,923,924,925,926,,,,,2,10,50,70,30,50,,,,,,,
778,7000,72,167,94,186,1,3,5,1,927,928,929,930,931,932,967,,,,1,10,50,70,30,50,,,,,,,
779,7000,98,146,118,171,1,3,5,1,933,934,935,936,937,938,,,,,30,50,10,2,50,70,,,,,,,
780,7000,162,170,184,183,1,3,5,1,939,940,941,942,943,944,,,,,30,50,10,2,50,70,,,,,,,
781,7000,92,46,113,54,1,3,5,1,945,946,947,948,949,950,,,,,2,10,50,70,30,50,,,,,,,
782,7000,136,132,161,143,1,3,5,1,951,952,953,954,955,956,,,,,30,50,10,2,50,70,,,,,,,
783,60011,1,1,25,25,1,3,10,1,957,,,,,,,,,,10,,,,,,,,,,,,
784,60012,1,1,25,25,1,3,10,1,958,,,,,,,,,,10,,,,,,,,,,,,
785,60013,1,1,25,25,1,3,10,1,958,,,,,,,,,,10,,,,,,,,,,,,
786,60014,1,1,25,25,1,3,10,1,958,,,,,,,,,,10,,,,,,,,,,,,
787,60015,1,1,25,25,1,3,10,1,958,,,,,,,,,,10,,,,,,,,,,,,
788,60016,1,1,25,25,1,3,10,1,959,,,,,,,,,,10,,,,,,,,,,,,
789,60017,1,1,25,25,1,3,10,1,959,,,,,,,,,,10,,,,,,,,,,,,
790,60018,1,1,25,25,1,3,10,1,959,,,,,,,,,,10,,,,,,,,,,,,
791,60019,1,1,25,25,1,3,10,1,959,,,,,,,,,,10,,,,,,,,,,,,
792,60020,1,1,25,25,1,3,10,1,959,,,,,,,,,,10,,,,,,,,,,,,
793,60021,1,1,25,25,1,3,10,1,959,,,,,,,,,,10,,,,,,,,,,,,
794,60022,1,1,25,25,1,3,10,1,959,,,,,,,,,,10,,,,,,,,,,,,
795,60023,1,1,25,25,1,3,10,1,959,,,,,,,,,,10,,,,,,,,,,,,
796,60024,1,1,25,25,1,3,10,1,959,,,,,,,,,,10,,,,,,,,,,,,
797,60025,1,1,25,25,1,3,10,1,959,,,,,,,,,,10,,,,,,,,,,,,
798,60026,1,1,25,25,1,3,10,1,959,,,,,,,,,,10,,,,,,,,,,,,
799,60027,1,1,25,25,1,3,10,1,959,,,,,,,,,,10,,,,,,,,,,,,
800,60028,1,1,25,25,1,3,10,1,959,,,,,,,,,,10,,,,,,,,,,,,
801,60029,1,1,25,25,1,3,10,1,959,,,,,,,,,,10,,,,,,,,,,,,
802,60030,1,1,25,25,1,3,10,1,959,,,,,,,,,,10,,,,,,,,,,,,
803,60031,1,1,25,25,1,3,10,1,959,,,,,,,,,,10,,,,,,,,,,,,
804,60032,1,1,25,25,1,3,10,1,960,,,,,,,,,,10,,,,,,,,,,,,
805,60041,1,1,50,40,1,5,10,1,962,963,964,,,,,,,,5,10,10,,,,,,,,,,
806,60042,1,1,40,50,1,5,10,1,962,963,964,,,,,,,,10,10,10,,,,,,,,,,
807,60043,1,1,40,40,1,5,10,1,962,963,964,,,,,,,,5,10,10,,,,,,,,,,
808,7000,98,140,118,149,2,7,10,10,965,,,,,,,,,,10,,,,,,,,,,,,
809,7000,18,150,32,164,2,7,10,1,966,,,,,,,,,,10,,,,,,,,,,,,
810,5582,1,1,100,100,1,3,5,1,853,,,,,,,,,,10,,,,,,,,,,,,
811,60201,1,1,60,60,1,7,10,1,968,969,970,974,,,,,,,10,10,5,10,,,,,,,88,,974
812,60202,1,1,60,60,1,7,10,1,968,969,970,974,,,,,,,10,10,5,10,,,,,,,88,,974
813,60203,1,1,60,60,1,7,10,1,968,969,970,974,,,,,,,5,10,10,10,,,,,,,88,,974
814,60204,1,1,60,60,1,7,10,1,968,969,970,974,,,,,,,5,10,10,10,,,,,,,88,,974
815,60205,1,1,60,60,1,7,10,1,971,972,973,974,,,,,,,10,10,5,10,,,,,,,88,,974
816,60206,1,1,60,60,1,7,10,1,971,972,973,974,,,,,,,10,10,5,10,,,,,,,88,,974
817,60207,1,1,60,60,1,7,10,1,971,972,973,974,,,,,,,10,5,10,10,,,,,,,88,,974
818,60208,1,1,60,60,1,7,10,1,971,972,973,974,,,,,,,10,5,10,10,,,,,,,88,,974
819,60100,1,1,70,70,1,5,10,1,975,976,977,,,,,,,,40,30,30,,,,,,,,,,
820,60001,1,1,40,40,1,5,10,1,982,988,989,,,,,,,,10,10,10,,,,,,,,,,
821,60002,1,1,40,40,1,5,10,1,982,988,989,,,,,,,,10,10,10,,,,,,,,,,
822,60003,1,1,50,50,1,5,10,1,980,984,985,,,,,,,,10,10,10,,,,,,,,,,
823,60004,1,1,50,50,1,5,10,1,980,984,985,,,,,,,,10,10,10,,,,,,,,,,
824,60005,1,1,50,50,1,5,10,1,983,990,991,,,,,,,,10,10,10,,,,,,,,,,
825,60006,1,1,50,50,1,5,10,1,983,990,991,,,,,,,,10,10,10,,,,,,,,,,
826,60007,1,1,50,50,1,5,10,1,981,986,987,,,,,,,,10,10,10,,,,,,,,,,
827,60008,1,1,50,50,1,5,10,1,981,986,987,,,,,,,,10,10,10,,,,,,,,,,
834,7452,1,1,60,60,1,5,10,1,992,993,994,,,,,,,,5,5,5,,,,,,,,,,
835,703,225,68,32,299,1,5,10,15,1003,1004,1005,1006,,,,,,,10,10,10,5,,,,,,,,,
836,7352,1,1,100,100,1,5,5,1,1007,1008,1009,1010,,,,,,,5,10,10,10,,,,,,,,,
837,60308,1,1,50,50,1,3,5,1,1011,1022,1023,1026,,,,,,,5,10,10,10,,,,,,,,,
838,60309,1,1,50,50,1,3,5,1,1012,1024,1025,1027,,,,,,,5,10,10,10,,,,,,,,,
839,60310,1,1,50,50,1,3,5,1,1013,1022,1024,1026,,,,,,,5,10,10,10,,,,,,,,,
840,60311,1,1,80,60,1,3,5,1,1014,1023,1025,1027,,,,,,,5,10,10,10,,,,,,,,,
841,60047,1,1,80,60,1,2,5,1,1028,1029,1030,1031,,,,,,,8,8,8,10,,,,,,,,,
842,60338,1,1,50,50,1,5,5,1,999,1000,1001,1002,995,,,,,,10,10,10,10,5,,,,,,,,
843,60339,1,1,50,50,1,5,5,1,999,1000,1001,1002,996,,,,,,10,10,10,10,5,,,,,,,,
844,60340,1,1,50,50,1,5,5,1,999,1000,1001,1002,997,,,,,,10,10,10,10,5,,,,,,,,
845,60341,1,1,50,50,1,5,5,1,999,1000,1001,1002,998,,,,,,10,10,10,10,5,,,,,,,,
846,60301,1,1,100,40,1,5,10,10,1035,1036,1037,1038,1039,,,,,,2,10,10,10,2,,,,,,,,
847,60300,1,1,60,40,1,5,10,10,1032,1033,1034,1041,1040,,,,,,10,10,10,2,2,,,,,,,,
854,60341,29,14,26,16,1,3,5,10,1,999,1000,1001,1002,,,,,,1,25,25,25,25,,,,,,,,
875,60054,1,1,90,90,1,3,10,1,1087,1090,1093,1096,,,,,,,1,1,1,1,,,,,,,,,
876,60054,62,60,55,75,1,3,10,10,1087,1090,1093,1096,1097,,,,,,200,200,200,200,1,,,,,,,,
877,60054,48,14,43,28,1,3,10,10,1096,1093,1090,1087,1097,,,,,,200,200,200,200,1,,,,,,,,
######动物园抓宠###########
1167,7025,51,33,59,49,1,5,10,1,1459,1460,1461,1462,,,,,,,10,10,10,10,,,,,,,,,
1168,7025,10,30,20,40,1,5,10,1,1463,1464,1466,,,,,,,,15,15,15,,,,,,,,,,
1169,34567,6,8,41,44,1,5,10,1,1467,,,,,,,,,,50,,,,,,,,,,,,
1170,7025,95,4,140,50,1,5,10,1,1469,1468,,,,,,,,,20,1,,,,,,,,,,,
##########混沌魔王4章#######
1171,40002,1,2,8,9,1,5,10,1,1486,,,,,,,,,,20,,,,,,,,,,,,
1172,40003,1,2,8,9,1,5,10,1,1487,,,,,,,,,,20,,,,,,,,,,,,
1173,40004,1,2,8,9,1,5,10,1,1488,,,,,,,,,,20,,,,,,,,,,,,
1174,40005,1,2,8,9,1,5,10,1,1489,,,,,,,,,,20,,,,,,,,,,,,
######合成比赛#############
908,41012,1,1,150,150,1,5,10,1,1491,1492,,,,,,,,,10,5,,,,,,,,,,,
######抓宠比赛#############
909,41011,16,1,46,24,1,5,10,1,1493,1494,1495,,,,,,,,10,5,10,,,,,,,,,,
####机关
1175,40032,0,0,87,92,1,5,10,1,1496,,,,,,,,,,50,,,,,,,,,,,,